3
7
5 2
4 1 3 6
5 2 16
9 7 5
4 3 5 5
4 2 3 1 5 4
3 2 3 10 4
4 2 3 1 10 4
3 1 3 1 11 3
2 1 2 1 3 6 4
2 1 5 1 3 8 3
1 6 1 1 2 9 3
4 1 1 1 2 9 3
2 2 10 3
5 3 10 4
7 5 10 3
15 14 4
12 13 7
5 1 11 8
2 1 11 9
6 20
5 19
2 1 14 4
22 4
11 5
6
7
9
-
4
4 5
5 2 3
6 3 3
2 6 1 1 4
8 1 1 4
7 2 3 3
5 2 2 4
5 1 2 1 3
2 3 4 3 1
1 4 2 1 1 3 2
1 3 4 1 4 3
2 3 1 3 1 3
6 1 4 2 2
5 1 6 3 2
3 8 2 2
10 1 2 2
3 5 3 2
2 4 5 4
2 3 7 1 2
2 4 11 2
2 19
2 19
2 19
2 19
3 18
3 16
4 14
6 8
7 10 1
15 4 1
11 5 1
6 5 2
6 2
5 3
6 4
12
12
11
9
